14n_5631 5 1 0 3 2 5 4 7 6 9 8 18 2 1 4 3 5 6 8 7 2 3 5 6 6 7 8 7 1 2 1 0 1 2 2 3 2 3 3 4 5 4 5 6 7 6 5 6 5 4 3 2 1 0 7 6 9 8 
14n_5632 5 1 0 3 2 5 4 7 6 9 8 16 1 2 4 3 5 6 7 8 4 3 5 6 3 2 3 4 5 6 7 6 7 8 1 2 4 5 6 5 6 7 6 5 5 4 3 2 1 0 7 6 9 8 
14n_5633 5 1 0 3 2 5 4 7 6 9 8 16 2 1 3 4 6 5 8 7 3 4 6 5 2 3 6 5 6 7 8 7 2 3 4 3 5 4 5 6 7 6 2 1 7 4 3 2 1 6 5 0 9 8 
14n_5634 5 1 0 3 2 5 4 7 6 9 8 16 1 2 4 3 5 6 7 8 1 2 2 3 5 6 7 6 7 8 2 3 4 3 5 4 6 5 2 1 6 5 6 7 7 4 3 2 1 6 5 0 9 8 
14n_5635 5 1 0 3 2 5 4 7 6 9 8 16 1 2 4 3 5 6 8 7 4 3 5 6 3 2 3 4 5 6 6 7 8 7 1 2 4 5 6 5 6 7 6 5 5 4 3 2 1 0 7 6 9 8 
14n_5637 5 1 0 3 2 5 4 7 6 9 8 16 2 1 3 4 6 5 7 8 3 4 6 5 2 3 4 3 6 5 7 6 7 8 2 1 5 4 6 5 6 7 6 5 5 4 3 2 1 0 7 6 9 8 
14n_5643 5 1 0 3 2 5 4 7 6 9 8 18 2 1 3 4 5 6 8 7 0 1 2 3 5 6 2 1 3 2 5 6 6 7 8 7 3 2 4 3 4 5 5 6 7 6 5 6 5 4 3 2 1 0 7 6 9 8 
14n_5644 5 1 0 3 2 5 4 7 6 9 8 16 2 1 3 4 5 6 8 7 3 2 3 4 5 6 3 4 5 6 6 7 8 7 2 3 5 4 6 5 6 7 2 1 7 4 3 2 1 6 5 0 9 8 
14n_5645 5 1 0 3 2 5 4 7 6 9 8 16 1 2 3 4 6 5 7 8 1 2 2 3 4 3 6 5 2 1 6 5 7 6 7 8 4 5 5 6 7 6 5 6 5 4 3 2 1 0 7 6 9 8 
14n_6285 5 1 0 3 2 5 4 7 6 9 8 16 1 2 3 4 5 6 7 8 1 2 2 3 5 6 7 8 1 0 2 1 5 6 7 6 4 5 5 6 5 6 5 6 5 4 3 2 1 0 9 8 7 6 
14n_6302 5 1 0 3 2 5 4 7 6 9 8 16 1 2 4 3 5 6 7 8 1 2 2 3 5 6 7 8 2 3 4 3 5 6 7 6 2 1 5 4 5 6 5 6 5 4 3 2 1 0 9 8 7 6 
